1111111111111111111111111111111111111111111111111111111111111111111111111111111111111111111111111111111111111111111111111
                                                                                                                        3
                                  1                                                                                     3
                                                                                                                 3      3
                                                                                                          111           3 
                                  2                                                                    1                3
                             11111111111  11  11111111                1   1               1111      1                   3 
                          12 1         1      1      1 11                              11 1  1   1                      3
                       12    1         1      1      1    11                        11    1  1              2222222222223   
                    12       1         12222221      1       11       2   2      11       1  1222211111111111111111111113  
1111111111111111111111111111111111111111111111111111111111111111111111111111111111111111111111111111111111111111111111113

